0
0
0
0
0
0
0
22
0
0
0
18
0
31
-128
-38
132
0
0
0
95
127
-54
0
77
-28
91
-146
77
324
0
57
144
182
0
239
126
68
306
-89
-137
162
213
288
466
170
0
262
134
30
49
101
108
-29
202
-50
181
0
-22
131
-127
0
72
70
22
248
128
-73
47
70
0
-179
0
-82
-59
6
-29
71
-81
-36
53
-104
263
108
194
-80
245
65
221
-62
169
-74
120
-299
131
117
87
8
-15
-111
-169
-54
144
-255
-91
49
-284
-162
0
-68
290
89
74
-44
284
119
25
180
394
-225
86
0
-79
14
-102
0
53
-106
-87
-59
170
556
391
-126
-8
-70
-288
-13
125
-148
1097
-19
-49
271
15
791
263
-75
147
123
224
442
82
-72
335
98
98
0
112
572
186
93
752
268
283
160
244
21
0
89
0
262
499
129
16
342
443
265
77
-60
93
252
310
0
-402
-80
694
552
-71
-118
26
161
230
33
631
-226
284
151
63
483
-322
-103
-28
-62
422
422
78
68
193
141
-66
19
0
-87
404
162
522
400
769
-285
-98
139
290
228
-199
-38
315
-13
36
273
334
205
-44
25
387
-192
121
83
36
162
722
476
416
47
108

0
0
0
0
0
0
62
0
0
0
-55
123
335
150
0
0
0
49
159
0
62
0
0
0
-82
207
320
0
2
0
0
-27
62
-27
51
0
51
102
-46
0
0
64
101
101
0
0
-89
-64
0
97
128
78
-78
-23
-77
153
286
0
238
275
-123
157
46
114
146
71
185
540
-96
68
354
53
-68
30
20
204
66
228
-50
287
0
-226
0
-60
38
-414
0
-80
0
-358
52
-18
0
-366
313
33
185
-63
62
-4
-213
-55
362
115
-43
311
24
-80
-29
-65
0
380
0
-27
-159
202
0
0
147
185
0
-157
82
309
166
168
-228
188
0
102

0
0
-37
55
55
0
-92
96
0
0
-97
-22
96
0
0
-189
-302
19
0
90
0
-79
-444
0
90
85
-79
-365
-447
0
-181
-92
0
14
0
-22
-134
-50
53
-23
-566
-467
0
-59
59
-204
-598
-235
-451
43
91
-460
-75
0
-120
-31
7
-251
0
-48
-201
-69
-501
47
77
-8
-429
37
0
35
-274
79
287
99
0
0
43
130
81
0
0
0
71

0
0
-90
0
0
0
-61
0
-30
65
0
185
0
88
92
0
0
0
29
0
-287
-257
0
31
0
39
71
117
-53
16
7
26
0
13
0
292
111
238
0
0
-67
2
0
-116
0
-63
0
-120
0
0
2
15
-194
75
-89
-83
-77
-10

0
56
0
0
0
-4
56
104
0
-78
0
-49
0
15
-183
0
0
0
0
0
0
76
20
56
-78
0
-148
0
83
28
0
0
260
56
-78
145
75
-221
94
0
38
-137
-128

0
-67
0
0
132
268
-71
39
0
80
-148
89
31
-1
0
80
39
57
0
0
338
0
138
0
0
-8
31
0
91
17
-204
-94
212
149
-75
0
71
152
-75
118
0
2
0
177
-51
91
110
107
-57
-23
409
129
0
-85
-113
326
68
-34
-59
-73
0
-93
0
-55
-57
-18
159
0
98
-18
-96
132
57
85
-29
-102
-31
32
-237
133
279
173
-160
63
-165
-7
-9
-54
0
172
-145
0
-361
-80
0
-30
-3
0
-5
-142
246
-49
9
122
51
13
135
-49
-84
157
-29
48
-149
0
26
-151
0
0
310
-21
0
-72
106
-28
-69
23
-183
-89
85
46
277
-94
-47
214
-109
188
90
237
-194
46
-50
91
-203
0
203
175
-6
190
364
314
130
483
1
-17
-42
-7
1
22
0
274
-80
-2
-295
145
62
0
165
-27
30
-82
-54
125
336
-272
51
346
45
335
0
222

0
37
0
0
90
0
0
37
0
-4
0
0
0
0
0
-121
-62
-81
0
74
0
52
0
25
0
0
-6
-166
-166
2
-187
-166
-39
74
-194
-14
-101
62
0
-14
0
0
-140
-83
-55
-145
0
0
-163
-35
-202
-177
0
0
-227
-60
-163
49
-126
53
-39
-172
-85
-298
-163
0
-83
0
0
-198
67
0
24
-23
-50
-86
0
-52
-296
-114
-245
25
-27
-89
37
-111
-370
-213
29
-62
186
114
0
0
-161
-92
16
2
0
0
-79
-159
-115
-395
-147
0
-133
-116
36
-50
-122
-83
-87
-187
-68
16
-99
0
-36
-160
206
105
155
41
58
0
85
0
-200
144
-251
0
-244
-90
-94
0
-105
0
-79
29
-138
-276
-79
144
5
-197
162
-28
0
55
55
9
-139
-44
-10
299
-2
5
44
184
-56
430
-104
-125
-110
-155
28
-13
259
206
0
0
-219
15
130
-63
-192
92
-36
-133
-30
-30
124
0
-61
34
-3
19
-185
131
-58
54
-254
-259
287
41

0
0
0
0
0
0
-91
0
32
0
193
-59
-91
0
-148
26
0
0
0
91
0
-91
0
-164
0
-186
0
-214
0
-91
-40
0
-149
0
-81
0
-176
-81
-184
-80
-91
-29
0
-99
-91
-12
-161
23
82
0
2
-139
169
0
-111
27
0
113
-93
-109
-39
32
-141
6
20
-120
-347
-196
-99
-218
-268
-123
-621
20
-31
-27
-79
-184
339
-373
29
6
0
214
-115
-634
-615
0
0
0
23
-157
-675
-31
76
0
85
-91
-157
-169
-40
-81
-605
75
21
-953
-154
8
18
-65
-500
-296
99
-714
-169
310
-381
93
-118
-536
21
0
-132
67
-298
-374
-12
-255
-851
-806
-842
-51
-124
-91
-506
-8
-372
77
114
-273
-3
-154
-63
201
-75
-61
-193
232
0
-445
-398
-1183
-175
0
-278
-105
-654
-476
-237
180
-291
-98
-403
-5
-692
-2
-113
34
248
9
0
-760
-140
0
170
-113
0
-256
-110
35
-649
134
-411
0
246
-60
-391
-74
-156
-288
-38
121
-557
-118
-339
167
-679
-85
-47
0
132
-896
-480
-719
-2
-663
59
39
-141
-625
9
-188
-484
-52
66
-161
-1370
-336
-150
84
-132
73
-151
-246
-802
0
-684
-110
96
-233

0
0
0
0
0
0
0
-10
0
-178
-159
0
0
-85
-360
-16
-125
0
-189
-158
77
-52
13
105
-58
0
0
-7
-268
37
0
-85
-93
35
16
-148
0
-134

98
0
35
35
0
0
0
35
0
0
0
-57
126
71
0
-19
-27
-95
0
5
-106
-70
120
3
-81
-79
67
-272
6
0
81
0
113
214
107
0
72
37
-119
-102
133
151
-164
311
-212
24
-219
-130
88
24
-39
0
113
278
0
213
0
59
36
0
293
223
0
25
-45
21
-32
58
226
51
74
241
450
-108
-78
0
581
-5
-88
0
102
-101
506
182
-187
-44
141
-12
91
-122
712
308
-245
96
-29
0
109
63
0
284
571
-249
-35
-134
415
48
238
0
181
132
471
-46
126
250
-9
-203
301
794
647
0
58
-36
-58
-357
-124
75
147
-155
-32
-197
0
769
0
24
36
0
-74
453
-81
0
-95
674
-290
110
-167
409
-15
396
-57
773
43
349
58
-46
511
97
-218
127
-81
776
198
110
481
-85
459
162
214
0
-147
-147
301
-310
-79
-81
526
111

0
0
0
0
0
91
0
-33
-31
0
-31
-61
-21
0
-383
-410
0
0
-120
-207
-315
26
0
0
-227
0
-307
0
-186
-328
-56
-241
0
-38
-486
-292
-602
-588
-117
-90
25
-332
191
-201
-139
-121
-2
-232
137
-124
-136
18
-485
-574
204
50
0
66
194
-143
30
-81
-74
-639
-143
6
-404
-345
-495
-50
-587
113
-213
23
94
81
-439
-87
109
76
0
-84
-1149
-1180
-51
-263
-1177
-327
-858
-108
-55
-118
-128
8
-150
-257
-763
-491
-752
-17
-1416
-160
-442
-49
-44
-207
265
190
26
-278
-585
-470
-619
-278
-589
-395
-248
-539
-625
23
43
-1000
-145
-69
-183
-259
-92
6
-561
-152
0
-6
55
0
-78
-99
-710
-367
-1068
-304
-457
-25
-721
-245

0
0
0
14
-48
0
0
0
0
117
90
14
25
-126
152
0
37
-68
-68
-83
0
-233
-68
14
47
-119
8
-173
135
160
91
-105
135
80
158
0
-67
397
318
274
0
86
0
-56
42
89
0
3
235
102
28
0
44
-55
-61
77
0
191
55
-9
17
0
6
0
-18
134
185
44
0
94
-101
317
-32
-32
141
-52
321
154
-58
490
12
2
64
55
21
-59
103
62
61
0
-84
-18
-207
-196
15
4
149
-293
-244
-87
-22
-267
0
-6
0
-47
-178
-312
-93
-334
-73
70
-143
-127
163
0
108
-159
-221
-238
109
-464
137
44
0
-227
-154
-369
-49
-111
-156
-6
-64
-190
169
-230
182
-282
116
-109
-154
-536
-36
-191
378
-176
-172
243
99
-24
-84
-48
-111
-4
326
65
0
-111
-26
-2
483
101
-17
58
-4
-93
17
-114

-35
14
14
0
0
0
0
-76
14
0
0
0
-149
0
0
-25
-1
-47
29
0
-114
0
190
-77
13
0
175
-136
-15
0
76
-1
218
53
0
19
168
-68
-48
200
-43
121
0
0
0
129
0
-50
46
-54
192
63
-221
-55
0
-14
1
-56
0
374
0
-94
257
31
288
90
191
60
0
0
0
-13
181
-12
0
0
73
417
0
130
41
41
122
96
17
-197
36
-10
10
-77
-222
380
0
0
-56
16
100
131
47
-72
0
-265
188
90
0
21
614
33
1
461
202
66
241
330
207
0
-55
65
76
-217
-259
-23
-17
114
72
609
162
-63
39
-325
142
0
295
216
283
195
57
-179
308
167
112
-24
-70
-179
-93

0
0
0
0
0
0
0
0
0
-92
0
0
0
78
-72
-31
-208
-232
-80
-72
0
31
-48
0
-8
-72
4
45
67
59
-8
78
-114
0
75
27
63
-89
0
101
-7
-46
-15
45
54
38
0
5
-29
265
-10
363

0
92
0
0
0
0
-33
59
0
0
41
0
-99
-70
0
0
-1
0
0
0
-112
0
0
0
-136
-159
-109
41
17
82
0
1
0
-151
-23
-126
41
-98
51
-70
-79
0
-134
54
0
-76
-70
-115
0
-188
19
0
200
-8
-424
-2
-73
40
0
86
0
-259
-44
-38
0
110
-69
147
-524
0
-264
129
0
27
-87
-128
-196
131
-15
-376
0
-43
201
-80
-54
-120
-275
-491
-72
63
-796
-162
-1042
-547
60
-271
16
0
-151
-683
-393
-210
77
-101
33
-574
-106
-120
92
-134
124
-252
-773
-107
-631
31
138
91
-49
10
-570
-840
0
-84
-616
40
-55

0
0
-71
0
0
0
-196
0
-44
-157
0
32
-64
-58
0
0
0
-149
-97
-195
-127
0
0
0
-343
0
-403
0
-153
-77
-245
-162
-96
-202
-64
-48
-4
0
5
-6
0

0
0
0
0
0
-71
0
0
0
0
0
0
-71
0
63
0
0
0
0
19
0
19
-54
-23

0
0
0
0
0
0
0
235
174
0
0
0
-16
88
0
71
63
44
0

0
0
-69
0
-69
77
0
0
0
138
0
0
-69
0
42
75
33
12
0
33
42
0
0
49
-320
0
33
-81
33
-103
-38
12
80
33
-97
-1
0
-38
-213
0
-251
-325
-140
8
-53
41
0
0
-48
76
22
-24
0
0
0
0
0
-80
0
0
0
-6
0
-166
82
-145
293
-192
0
101
85
41
-79
33
33
-10
0
0
222
230
-177
0
11
255
0
-21
56
179
0
0
103
-5
0
-69
296
-235
12
-173
-40
162
208
180
0
74
-167
132
-166
-288
-26
133
-65
-23
-20
-220
-145
56
0
132
0
-62
48
-107
39
-51
4
-258
-211
-102
-57
-157
114
-7
-197
74
0
0
-157
-336
453
54
-312
39
-226
-132
219
24
58
-266

0
0
0
0
0
0
0
0
0
0
-9
89
-9
0
98
45
0
0
0
-9
-80
0
0
45
0
0
0
-86
98
3
-205
0
-110
3
93
-39
-89
0
-34
-7
-176
0
362
284
-20
-77
-181
116
-22
111
97
0
172
-13
-33
32
3
0
-71
43
-142
0
-150
-58
-119
140
43
-41
138
-57
130
0
281
407
116
-190
-326
0
0
212
29
-7
-75
0
0
0
-15
-4
15
173
-170
-124
0
-142
24
454
79
75
-185
-116
77
212
-1
79
22
-46
-19
0
0
71
59
204
-17
-48
108
87

0
0
0
0
-25
0
45
45
0
-153
0
100
0
80
44
74
110
37
46
172
0
102
0
45
0
115
0
37
9
-137
0
0
37
-180
199
-111
28
-36
68
170
10
134
9
-149
-34
-79
0
148
65
45
0
141
-168
-47
15
-131
0
53
0
202
-127
77
45
108
48
66
310
-78
0
-158
0
240
116
-120
-82
-19
0
45
80
-159
-120
-179
-14
0
45
0
42
0
21
0
83
18
-254
0
94
0
0
28
112
-279
158
167
-196
-65
-15
-197
-252
20
95
0
78
-51
191
56
39
-63
541
172
113
-30
-38
-64
-71
-83
-7
308
228
3
52
50
20
134
-255
40
-22
-35
-111
-91
-185
-56
-227
-93
-140
108
242
48
42
22
300
-216
-236
0
-44
-286
-111
-10
-176
61
2
1
67

0
1
0
-43
0
0
0
0
-80
-80
0
0
0
0
-50
0
-71
-6
0
0
0
-42
-15
0
194
0
0
-154
0
51
83
0
-124
54
0
-106
0
0
131
186
136
-50
-46
-168
-99
35
14
-71
57
-3
171
0
-167
-121
56
-61
-176
-45
-402
-45
-121
-173
276
60
7
-77
0
-68
-176
40
-21
-54
0
-73
-199
-251
53
0
21
0
-72
0
0
-87
-153
-133
-313
96
246
12
-81
364
1
229
-90
-49
-268
40
66
10
4
87
-28
15
76
-58
0
18
0
71
0
-75
49
126
-142

0
0
0
0
0
-40
0
0
123
290
0
0
56
108
0
0
73
0
-8
-26
0
48
0
30
23
0
91
250
45
33
82
-22
96
0
24
0
-37
221
235
302
0
0
-74
0
78
291
-144
-234
-31
502
0
73
0
198
575
89
114
51
58
-21
0
193
328
216
0
6
81
-79
0
-31
555
-17
67
393
59
0
0
387
-37
122
0
40
516
-13
135
45
1
588
0
134
87
300
455
87
-32
-90
122
424
497
-292
77
550
122
25
-133
357
30
731
85
-77
793
-36
261
-12
64
207
-12
289
1
95
195
49
73
-114
81
0
32
-322
528
-8
-60
-116
463
630
200
108
72
239
-6
-124
41
-248
72
621
254
48
140
-51
95
0
175
40
780
-324
353
0
405
-13
0
715
347
72
8
-173
-77
-141
51
0
55
-14
20
-74
691
642
-117
-221
-159
-75
369
-102
311
0
78
17
14
340
48
579
0
413
331
312
14
-77
283
15
108
0
-98
506
347
431
832
1047
147
1350
0
541
116
-157
-127
828
650
-94
184
924
-141
-13
691
921
-336
-229
256
76
925
471
18
116
-119
1216
114
182
-19
109
12
-12
104
201
449
-28
313
254
-69
145
25
15
6
751
0
346
61

0
0
0
0
0
55
0
0
55
111
71
178
0
35
0
0
67
0
161
0
-9
-63
70
-20
0
55
0
-12
164
55
0
-20
21
133
-131
188
0
0
0
283
157
56
-11
0
-12
35
-27
-131
118
-95
12
0
-98
-111
173
-214
12
54
-55
221
23
259

0
0
0
0
0
48
276
0
0
0
60
415
88
0
168
-6
0
-38
0
66
94
270
94
177
91
0
237
0
585
96
48
382
0
0
383
0
-151
28
0
-20
201
-35
145
-15
0
-97
333
-45
194
63
83
126
221
381
194
281
175
186
82
74
78
283
284
98
186
96
-73
48
0
-6
294
0
91
86
459
963
-69
290
-33
68
102
126
-20
866
-24
487
3
160
615
719
175
-51
78
0
251
1
232
275
180
1643
83
484
110
1
0
15
218
22
-103
150
-15
361
85
725
145
1443
330
960
0
612
1195
-40
310
650
83
0
32
496
2
0
73
1741
673
0
791
302
554
78
2041
99
396
0
1879
411
0
-5
-51
196
1007
1177
0
122
1753
1040
68
-108
-26
187
23
846
294
124
36
100
1583
1231
0
540
0
-14
657
248
515
1516
0
0
644
853
1326
-85
86
98
278
198
20
534
282
95
811
129
-151
206
1053
1102
1115
-51
70
348
723
287
1146
874
336
33
-51
0
284
152
209
83
399
4

0
0
0
0
31
0
55
0
0
0
-6
0
112
0
21
0
0
0
-67
-135
-53
0
28
-16
-170
151
89
-37
-43
166
0
60
205
70
96
-94
0
0
0
0
-104
171
-165
-119
99
93
24
30
-71
55
0
265
-171
370
113
60
222
38
114
61
-55
0
87
0
70
0
-18
65
-164
319
25
91
104
-79
83
-242
-29
183
-195
0
352
-88
0
-106
313
-149
161
0
-97
-16
66
330
0
475
407
189
85
-345
185
230
-300
438
62
47
27
0
12
-32
-389
0
-128
57
-350
96
-167
-52
168
332
-104
-188
-410
63
71
-329
46
0
1
237
0
60
-149
92
61
275
-31
-60
144
-137
0
23
-83
84
84
-186
312
-251
242
-271
174
0
0
77
83
-205
-44
-117
51
-106
0
53
-62
-369
-62
-17
-565
-693
192
-418
-237
252
427
-172
-122
29
-293
-75
-429
-55
-132
30
19
-177
-268
-139
-107
-547
-350
-269
-8
-129
12
-142
-4
55
279
-35
3
-224
100
-174
0
229
-51
106
186
201
-281
-54
104
36
0
-64
0
141
-685
0
65
-291
-318
133
68
0
70
-166
-192
768
-497
0
272
5
77
-56
485
-862
-1135
453
-560
0

0
-113
0
-76
0
0
49
-52
50
0
0
-29
0
0
34
39
0
-18
0
0
147
0
0
39
-79
-26
-85
-34
13
50
-153
11
102
156
98
55
0
42
-14
-54
97
-34
185
0
39
-259
0
96
22
-60
-153
122
0
-10
0
-27
0
176
-107
125
90
40
-114
0
-39
11
-86
-99
116
183
133
-88
1
300
7
-43
-19
18
94
0
-32
180
-234
17
33
-103
1
-138
60
-37
14
46
-267
321
-426
0
170
-265
0
0
-334
0
161
-146
-49
-193
-181
453
-410
-414
32
-15
559
-152
-358
-8
-168
-251
-83
0
-158
68
152
-43
-225
-465
213
-110
143
0
-156
113
-438
-56
-123
-494
-277
-66
198
-258
542
57
91
-54
-124
-47
0
-608
-140
-468
228
-47
-466
52
-70
-365
-208
65
-813
89
-383
157
-1199
-4
341
6
-282
137
0
72
224
-55
414
0
-166
4

0
0
0
0
0
0
-12
0
-104
0
0
0
0
0
0
-64
0
-64
0
92
-194
0
-8
-350
92
-23
0
0
0
0
67
0
44
-91
-294
0
30
0
92
-267
-145
-93
-91
0
40
-100
0
0
-516
-69
0
-784
-47
-27
-85
-687
-7
0
40
36
-830
-526
0
-4
-64
-28
-66
-521
-91
59
0
126
-3
-303
-97
-382
-234
-41
-247
0
-638
-70
0
49
43
-748
-127
-37
-339
15
90
-174
-106
-245
0
63
-48
0
0
-49
-657
-44
43
-322
27
-74
25
-16
-370
-970
-291
-170
0
-187
-30
0
-335
-824
-112
-525
-6
-453
-32
92
-241
0
-93
-806
55
-663
-157
-109
-555
-792
-169
-72
-999
-572
256
-525
129
-50
-916
116
-15
0
548
70
-832
89
-458
84
-51
-186
-83
-44
-372
23
68
-641
-65
-148
-57
86
94
-566
-36
-151
-111
52
128
0
-525
76
10
-126
-386
70
-392
-391
-123
-358
-45
-26
1
-1
66
-469
-254
0

18
0
0
0
-45
0
0
0
0
-95
0
0
0
-166
0
1
0
0
-95
0
0
17
0
-5
57
-153
0
0
146
0
79
-36
81
90
46
382
13
49
0
0
0
0
36
8
131
0
0
0
43
145
-31
-61
77
-33
0
31
0
91
62
99
123
479
142
54
-144
121
0
119
229
85
23
-29
0
0
36
0
19
0
255
0
99
28
58
10
337
77
-2
176
-82
20
0
0
-25
-22
-70
-36
122
-86
0
-31
-122
-102
201
387
301
109
83
261
1
8
-143
71
0
46
-96
863
-77
39
0
5
263
0
-66
-34
218
241
285
362
0
-11
174
139
310
311
428
-199
-120
355
70
249
522
-80
0
-199
182
165
252
-122
-20
-47
1881
39
406
369
162
235
267
-39
108
-133
144
-35
600
3
271
503
-30
405
370
1227
404
672
-32
311
88
0
453

-56
0
0
-140
0
0
-13
-17
-236
-96
-214
-255
-102
-103
0
0
-112
-177
129
-196
60
-192
-333
-150
-85
0
0
91
46
0
-55
-41
-209
-152
-13
155
-181
0
-338
-78
-18
-82
-44
25
-287
-24
-15
138
0
-248
0
-238
-240
-21
10
43
17
95
7
-123
13
-27
-102
0
-13
-353
-17
-318
-351
-103
-102
-14
-71
0
-72
-175
-1
120
22
-622
-282
0
-220
-105
-8
-151
112
-179
-144
0
-44
10
-540
-124
-3
0
0
-195
146
-24
-7
-279
0
-18
-211
-488
-163
226
14
-9
0
-31

0
0
0
0
0
0
0
-93
0
97
0
142
0
123
94
0
-15
0
64
0
138
0
-58
0
111
-59
119
22
0
78
445
226
151
-37
0
33
517
349
468
0
14
56
86
33
186
0
106
97
-76
302
318
67
282
140
224
135
2
6
0
-1
305
0
301
135
0
16
225
219
464
134
45
89
-211
0
50
160
95
319
-58
-136
347
99
67
-6
-32
-216
0
-144
-191
88
241
390
96
-93
11
153
-33
149
8
0
-176
-4
33
333
-18
274
10
105
-36
455
-6
35
167
708
182
372
61
37
-15
0
242
168
492
0
67
467
22
-100
-59
110
69
-89
544
0
2
-34
34
-38
-206
-68
472
723
151
621
495
122
-69
113
291
343
357
0
336
-43
-371
-61
558
24
8
90
843
0
753
-55
-46
16
223
-92
275
715
-82
0
105
-706
-121
216
-16
-42
-53
230
203
78
99
1177
379
211
-162
-317

-53
0
-53
0
-53
0
-53
0
-89
0
89
0
0
0
0
187
-53
0
167
260
0

0
0
-46
37
-10
0
0
0
65
-61
0
0
-10
-71
-55
0
-10
0
16
182
0
0
40
124
0
-10
25
18
-34
0
21
0
0
-110
0
69
0
30
64
287
142
0
96
0
-49
58
-20
-27
-40
87
93
-193
-17
87
-33
-18
142
179
0
68
0
30
21
-95
-192
-92
0
106
120
62
-55
0
-117
96
-36
-156
-1
0
53
-115
-154
-183
-114
148
-55
47
-22
-154
-140
-1
0
-184
54
-29
72
80
38
52
-31
79
-5
0
-223
42
-422
91
21
-191
-223
-7
-137
-649
-303
17
-86
-638
-192
0
0
83
-167
29
-12
-196
-270
13
115
21
-37
-242
22
36
-727
-96
-43
-15
-162
-14
-106
0

0
0
-138
-138
-5
-17
-66
-66
150
-81
-66
0
115
0
-62
197
0
88
-90
-264
46
20
156
75
0
0
-42
131
322
85
0
27
76
-40
219
18
98
36
-249
15
-64
0
62
0
181
13
0
179
0
-89
69
-388
75
185
-97
123
50
300
146
-16
-309
397
54
0
114
148
128
0
-159
210
64
-180
122
-87
235
79
-215
160
132
0
330
545
295
-106
0
23
91
421
368
0
653
202
-271
-29
152
450
1
0
11
-4
76
-266
68
288
20
-64
0
-3
445
82
-33
68
133
160
84
0
35
69
238
488
35
261
-175
17
287
935
556
0
389
-30
531
-5
-136
-28
10
114
248
99
-268
0
42
153
0
20
279
31
164
-89
53
12
-47
-20
72
-58
606
-22
403
422
0
322
27
0
15
446
177
554
49
-171
442
37
376
253
62
188
80
555
-16
0
-17
240
609
30
68
0
1025
42
851
-35
389
0

0
0
92
0
0
-90
0
0
0
92
74
0
0

0
0
0
0
0
0
0
0
-77
0
0
53
0
0
0
53
-5
-172
0
-94
0
-242
0
-85
-132
-10
0
0
0
-34
0
-119
-36
-2
-340
-83
66
45
0
73
85
0
88
60
0
0
-44
-119
29
-5
0
0
3
-85
-89
-5
0
-85
-19
0
164
-136
-26
77
52
-29
97
45
-17
56
42
124
0
197
-1
0
77

0
0
0
0
0
-72
67
-15
-13
0
22
-97

0
0
0
-42
0
-42
-109
0
0
0
0
0
-3
0
77
0
0
0
62
-115
-137
-63
0
69
-42
-152
-210
-21
0
0
9
-62
0
-109
0
-63
0
0
-63
-98
-54
-93
85
-63
-326
-133
-117
80
95
-149
0
-90

0
0
0
0
79
140
177
17
0
0
0
177
96
101
78
-75
-63
0
22
-30
0
24
1
-1
249
250
65
21
-134
0
0
45
66
-54
-66
-118
37
17
-97
97
87
-57
-247
-13
139
48
-120
0
1
-81
-366
-203
0
0
0
-50
0
0
90
0
-105
0
-34
4
-77
-298
0
-1
-117
0
0
95
-50
-2
-408
256
2
-106
-283
-125
0
106
-380
0
-332
-135
161
-57
0
-158
101
0
-132
-255
41
-119
-84
-99
-125
73
-137
0
308
216
71
131
230
0
-354
-58
451
389
-381
375
0
7
67
35
72
0
-143
288
145
38
22
-51
-2
-89
192
-98
-23
680
-1
199
-110
185
369
-53
22
79
95
254
-152
119
0
0
-2
129
-62
150
-80
-84
124
-329
-42
-311
113
-49
136
0
0
0
49
1
-179
0
265
93
176
2
251
-507
271
87
-505
229
-211
115
8
-121
-213
-12
-146
-28
-448
-396
442
-70
114
-348
191
71
53
-30
361
17
-63
0
267
473
-25
-104
-324
14
-278
-741
0
-29
-185
68
564

0
0
0
0
0
0
0
0
98
41
8
0
0
25
0
42
9
0
98
0
0
0
25
64
0
0
-67
-29
-9
0
0
0
33
-35
-141
69
0
-140
428
116
389
42
-41
-312
45
95
74
144
-45
83
263
0
63
-157
83
-40
-80
0
-54
129
149
84
120
-92
46
258
-92
30
310
0
-30
0
266
-44
-226
245
51
-17
477
-35
-33
-280
-7
-24
95
-266
-151
86
0
48
262
-341
-149
28
60
7
0
-50
0
83
0
-163
153
-49
86
-211
-415
-12
253
55
242
-64
115
0
119
540
48
83
58
0
32
-1
-149
322
903
-150
744
-136
194
143
-336
-172
-31
92
23
-400
-296
44
39
0
32
301
157
234
66
-76
0
-181
294
269

0
0
0
0
-6
0
0
150
0
0
0
0
199
0
-55
0
198
0
82
0
-64
24
4
-2
-55
13
-26
-95
77
-55
0
5
0
0
0
78
0
0
-154
154
-175
49
0
-70
36
-55
0
0
49
14
14
9
-44
50
-74
47
36
24
40
-169
15
136
-17
-154
-120
117
-121
-20
-175
329
-128
-345
70
-164
-25
5
-41
361
0
-352
-264
-15
-98
-73
-38
-217
-466
-66
32
-77
-293
45
59
0
-347
0
1
142
0
-202
-85
-678
-63
-272
-172
-379
-634
37
-250
-396
-17
-249
-270
11
-94
-412
83
-96
105
424
0
-106
-1016
33
-331
-205
-171
24
0
-335
-53
18
319
-16
0
302
-182
51
0
-43
-404
-349
-162
112
77
-167
339
436
-743
-273
-29
-38

0
0
0
0
74
-73
0
0
-114
181
-12
-124
0
-95
-94
84
-49
-56
-155
-178
94
0
-53
0
0
130
-17
128
0
166
139
0
51
418
0
497
-152
120
-1
-20
-74
0
-1
253
-135
70
-250
4
69
-23
0
-113
100
15
-53
94
86
-96
44
-76
0
51
-65
148
115
0
-18
0
101
571
243
211
-10
161
25
184
0
439
151
308
140
-5
7
47
226
-202
354
-10
348
317
314
162
-188
-168
132
-178
-10
21
33
74
-17
548
110
294
951
355
277
432
-142
0
297
-55
-137
-6
-63
0
1
292
259
69
255
409
339
0
0
426
76
210
165
-58
-13
83
419
475
0
-108
392
253
70
0
96
850
-29
94
-64
103
346
363
-29
0
471
63
696
582
-356
172
-3
765
289
47
-224
95
-32
-114
309
285
-139
-100
-110
193
-182
-156
-96
148
251
134
-97
-478
-151
-75
127
261
0
-79
49
49
17
244
214
404
336
225
-28
328
-134
-124
-219
-42
249

0
0
0
-65
-38
0
71
-13
-13
-51
16
0
0
0
-139
-55
0
-44
-44
0
94
-129
0
-129
-62
-89
-45
-80
-85
0
-62
96
-126
-62
-138
-58
0
41
-164
-22
-62
0
0
0
16
-116
0
0
-5
-62
0
0
0
77
-80
0
0
49
-49
-254
-141
-88
0
-15
-176
283
-437
0
-217
200
0
-57
-285
-33
51
-487
-91
15
-59
121

0
0
0
0
0
-67
0
-89
0
-195
30
0
-6
0
-6
-79
-214
4
-156
-318
0

0
0
58
0
-7
58
0
0
-112
0
0
29
-64
0
-7
29
-157
0
3
-45
0
0
-20
159
-64
0
-105
264
69
54
77
74
94
3
0
-47
-14
62
0
-177
91
137
-203
0
269
0
164
-79
0
11
380
-359
-8
-148
0
-259
33
46
151
81
23
-95
-77
0
0
-22
-154
-272
-215
0
0
0
-150
-14
214
-98
0
-151
-355
-299
-454
-302
0
189
-137
-77
-71
129
-9
603
150
-362
-93
456
0
-124
234
-19
-281
4
387
-22
-14
28
-117
151
-167
-143
225
49
-23
135
149
72
-98
132
180
116
125
-52
-76
777
-495
103
412
-109
258
92
632
85
-709
0
136
-123
644
-144
426
182
-88
1086
421

0
0
0
28
0
0
0
0
-103
0
-58
0
60
0
-417
0
-198
0
28
-155
0
-112
0
0
0
-74
0
-354
37
-188
-112
-187
0
23
-129
-34
15
280
-363
100
-623
41
0
-152
28
0
-42
-117
-76
-364
268
-32
16
-608
-80
-390
15
-340
-18
-60
-360
121
26
174
-134
43
1
-141
-149
99
-98
104
-67
0
0
0
0
0
-29
-177
99
0
-3
119
-260
136
-95
0
79
-81
-3
-26
150
-20
7
-168
-110
0
-259
-244
-1
1
-54
16
215
27
-112
0
-68
-108
-101
-140
0
189
-119
0
34
29
0
0
-84
89
111
-54
-64
30
-147
149
260
50
-81
0
18
102
0
14
9
0
109
338
29
15
704
0
50
0
529
125
91
-228
-217
-1
28
-184
101
-82
630
346
-102
-40
159
-100
109
-313
118
208
419
-114
-337
64
-98
0
-40
0
91
-404
57
91
69
0
210
-200
86
473
292
-180
-135
-528
-555
-13
0
-140
155
254
-140
-58
359
-75
78
238
-72
189
112
-629
-161
88
-326
-116

0
0
52
0
-10
0
0
0
157
33
0
0
0
116
0
0
0
52
0
0
0
4
0
-85
190
0
0
0
70
51
21
-17
4
0
0
0
45
103
231
-38
70
0
38
0
21
0
287
129
-58
53
410
63
80
53
-114
178
0
0
49
-53
181
52
-88
287
151
-35
0
0

0
50
0
0
0
0
0
215
0
125
-40
325
0
0
85
0
55
167
0
0
0
0
0
210
-40
0
7
228
170
-27
131
-48
18
-49
0
-13
262
116
19
0
58
182
207
-179
74
500
165
99
59
0
-18
255
49
404
18
77
180
-96
202
-66
215
114
0
0
0
84
372
149
504
55
554
-67
169
0
245
2
205
-334
0
0
438
-99
152
468
194
620
3
72
6
505
102
2
97
0
583
599
126
523
580
443
2
189
3
331
-136
314
64
-16
-11
24
324
-168
167
121
0
375
204
-82
56
88
218
56
0
0
68
0
-256
49
355
186
653
0
280
40
394
211
-225
56
113
-6
-56
0
-39
-41
79
-99
89
0
-58
223
324
-41
54
-17
416
136
82
444
-67
96
526
-26
-269
527
56
68
262
-111
38
71
11
223
-16
-96
589
73
116
0
849
69
83
0
244
34
530
10
-66
114
49
87
158
212
769
676
30
325
-284
-65
80
113
863
-101
0
0
0
2
348
108
194
-6
385
0

0
0
0
27
79
121
140
0
95
0
0
89
0
0
-97
0
19
0
0
-119
-138
235
-165
-82
16
-181
-79
0
52
15
0
48
-180
52
-10
191
-79
36
0
-40
235
-3
101
-205
42
-158
-34
240
6
-150
-89
314
-232
0
-87
-254
-193
-35
-174
0
-29
-27
-198
-79
-3
41
-245
-258
203
0
74
0
33
-95
0
-75
-26
-87
0
13
0
9
-86
-363
-155
-26
24
69
-50
155
-55
-125
0
-97
0
31
-6
-91
-257
203
-62
0
188
34
109
-142
270
-88
162
86
53
0
44
18
-52
101
-39
54
149
104
-150
91
0
-45
-53
-101
118
-109
-277
16
407
334
157
-102
0
169
302
-274
89
-143
0
-65
-7
-106
-34
97
362
386
89
-159
43
-84
347
203
363
-414
-2
297
0
-98
95
75
33
270
-81
-2
306
247
-111
503
176
83
200
123
146
-37
-41
22
-44
230
-8
174
238
181
-59
-103
116
49
101
-503
-7
-69
147
-217
-12
150
-63
-155
63
-274

0
-22
24
0
-99
0
0
0
81
0
-89
-81
0
-81
18
0
-20
-282
41
0
0
-103
0
0
-65
0
0
-63
-314
-74
-57
-81
-24
-56
41
0
0
-73
404
0
0
42
41
-99
-62
0
147
32
65
57
226
238
139
122
-6
154
-62
0
-77
96
157
173
186
-219
-95
0
-29
0
159
126
-4
-13
68
199
5
0
9
0
-124
0
-22
51
0
35
75
13
97
0
44
177
-96
-13
-213
-107
0
-47
-22
177
250
148
24
0
-96
0
56
227
-145
-126
407
281
0
111
4
134
48
103
-77
80
19
129
-97
0
31
228
157
33
-92
-9
51
-51
73
-3
-51
-278
85
273
-84
-133
0
0
33
0
454
0
-182
24
24
0
-37
5
6
385
15
15
-120
141
-294
-8
64
-83
225
-80
327
65
-405
0
-16
79
-144
-79
-73
0
495
-48
628
-109
-218
-140
297
-54
-51
0
-36
-87
-127
20
-67
54
-181
-481
-11
-91
0
-511
-122
-316
221
271
-30
-59
0
26
-886
-469
94
-32
-45
-116
-631
260
-16
-150
80
78
17
-356
454
-169
-143
-223
-536
98
-78
4
43
-396
-65

0
32
0
0
92
0
0
0
131
0
-65
-190
0
-141
0
104
0
0
0
0
0
-81
-277
0
0
134
52
-38
-71
-230
-180
-146
0
112
-6
60
-2
-258
-2
-93
-100
16
0
-147
-305
-13
-26
78
0
70
0
48
-238
155
0
30
80
49
-16
-81
-249
52
-191
0
-338
-14
-52
0
-112
-124
155
-100
53
52
0
-37
-11
-295
-309
178
-8
-83
15
-42
12
-97
-59
-14
193
71
72
-124
-236
-87
80
0
0
0
-286
27
0
-111
88
190
270
-142
-1
-101
0
-366
0
28
-140
126
-115
-85
-27
-197
11
0
64
273
-2
-29
0
0
0
-250
90
6
26
-361
103
-22
-383
3
-73
-29
-349
2
0
-13
-43
-59
0
292
242
188
0
-209
-41
-36
184
22
0
-195
-442
0
-93
-131
-90
-7
81
-177
194
-45
0
70
175
2
3
21
120
21
-456
-461
-114
-381
110
-84
24
95
-21
93
-242
0
39
-78
0
0
-101
0
26
-328
-184
0
-434
185
-190
-136
-30
-54
200
-96
-72
-34
52
-180
-71
-388
-187
-7
0
-20
-244
-71
-61
-111
6

0
0
0
0
0
0
-91
0
0
0
139
0
68
0
0
289
67
77
264
416
224
0
61
386
23
265
71
415
0
103
-31
0
7
190
336
0
0
0
376
196
121
-41
74
57
95
152
160
87
23
60
228
0
194
0
175
-20
223
159
100
75
155
0
0
121
74
0
0
103
103
0
40
322
131
109
37
0
217
0

0
0
0
0
0
0
0
0
-16
-12
0
0
0
113
51
-12
38
137
0
0
188
151
70
105
-23
-64
0
0
-6
-2
210
101
-74
88
-64
86
95
128
193
75
0
374
0
-20
467
72
-50
-147
0
0
244
8
0
26
85
369
358
-16
352
234
763
86
-108
434
142
293
464
26
383
0
0
75
44
25
0
128
-21
280
49
158
42
-173
0
70
254
400
349
7
-31
369
-12
214
-259
83
-14
342
173
6
0
0
0
0
112
33
361
-1
70
419
45
66
0
62
77
79
-66
-239
24
3
92
-284
-105
-60
311
-4
-63
47
-259
-52
34
-28
-157
463
-19
223
0
-86
-57
39
184
336
37
-89
-1
-84
-300
-253
94
51
0
0
-91
183
-110
-97
-2
422
156
31
143
150
-84
155
-68
2
-134
-109
0
141
-134
310
-36
0
-42

-60
0
0
-60
0
-60
0
0
0
0
0
0
-60
44
0
0
82
-51
-111
-51
0
0
38
0
0
0
-34
-15
-63
-273
-50
-366
-247
-9
-166
0
44
38

0
0
0
0
0
0
0
0
0
0
0
0
-31
0
0
79
-31
-112
0
0
0
-19
0
0
0
13
-74
-43
-13
-39
-142
139
-94
4
-142
0
98
0
-7
36
-108
82
-14
-36
0
-82
0
0
-59
-94
-2
6
-99
36
40
33
0
0
125
203
79
-74
0
-200
0
65
95
105
-76
40
-33
95
113
223
-74
105
173
-66
-14
-27
85
9
-172
127
150
192
-34
-203
217
14
102
-124
79
-18
-98
-136
81
8
-86
-82
-121
2
-62
428
-27
0
-178
126
-39
130
-5
104
-153
-399
78
12
181
24
17
-74
0
-73
148
-3
451
-479
61
411
-68
0
-31

0
0
0
0
54
0
0
54
54
0
-70
0
0
69
68
68
0
0
99
84
69
0
0
-1
-19
0
0
0
0
0
14
0
0
0
39
-109
-101
0
-59
-111
84
0
-238
0
-43
-194
-201
84
0
105
-26
0
85
-47
-73
129
-159
81
3
-136
-53
203
44
129
-7
48
145
220
48
20
58
0
0
-136
-93
81
-123
-57
71
363
0
71
1
-36
177
262
0
-65
0
-89
-22
53
-350
-210
-281
-3
102
-85
-214
0
-89
0
-122
-258
370
-295
230
-105
35
232
58
-296
-187

0
0
-65
-58
0
0
19
0
-103
0
-43
-38
0
0
0
74
0
87
77
-112
0
-23
-29
0
0
-157
47
0
-26
8
74
0
-55
0
238
43
-49
121
376
201
-166
-42
162
-3
0
-45
0
-40
0
-450
101
-147
-101
148
135
0
-87
-2
9
-143
-47
-113
48
-26
77
-21
0
9
-20
-33
-34
109
-119
0
46
-1
29
138
-125
0
-141
-34
-86
-189
36
142
217
-95
149
58
210
-7
40
-185
-315
72
325
133
-150
214
106
216
-56
-41
217
-90
102
138
-41
-76
-139
19
-244
269
283
-129
110
86
197
214
165
-109
1
246
-135
-33
-97
24
56
-17
66
-201
168
-81
117

0
0
0
-89
-89
0
-57
0
0
0
0
99
46
0
128
115
0
-37
76
-94
-27
-96
0
273
-7
7
36
0
152
146
-13
225
146
-91
136
178
83
-27
459
189
0
26
0
81
0
86
-57
-121
-68
57
214
-159
-50
296
0
51
-132
-27
20
0
292
219
242
-57
-14
-121
49
-180
-44
64
361
49
151
-33
220
-61
322
51
81
0
-23
34
-183
0
0
84
7
17
-194
-80
102
37
9
419
-301
0
91
0
-71
0
-175
264
92
0
2
78
-144
158
-161
87
-38
367
0
437
-53
233
69
-257
-103
-384
273
395
105
64
182
76
11
-58
63
-60
-222
228
3
411
135
-114
90
205
209
-157
228
-291
0
111
7
99
-291
309
191
-201
0
97
0
732
169
66
0
151
-133
183
11
148
-43
33
-90
55
61
-33
413
84
-54
185
51
187
327
-209
255
-96
318
22
-34
567
-49
10
-97
-25
0
-232
-9
160
94
0
-154
-274
-12
0
-62
233
109
65
491
105
-157
-19
-119
3
48
-160
379
340
415
-72
34
-20
130
-68
-90
-76

0
72
0
0
0
0
-286
36
-62
1
35
0
54
99
0
0
0
-220
43
0
0
-71
8
0
77
47
67
0
0
0
0
38
0
-45
46
-3
25
0
-207
0
61
0
-36
26
61
71
21
62
136
0
0
0
-128
0
0
-19
0
-80
0
-266
93
-46
-39
-72
0
-233
95
-57
-72
53
-38
0
0
-80
-14
123
-162
80
-175
-23
184
187
54
-525
279
165
0
53
-85
-109
63
70
-109
124
-100
72
-345
-132
-167
72
0
114
0
-119
-91
-133
0
-96
0
54
-101
-98
174
99
-184
0
109
-54
0
2
40
-27
162
116
-138
0
-166
255
-146
10
443
85
0
93
123
0

91
91
-39
49
-67
-47
0
-47
0
106
-75
0
0
0
-47
91
91
0
-67
-115
-113
153
0
32
0
-54
96
-85
0
-181
-94
0
0
170
-144
233
32
89
12
0
0
-160
22
0
-42
-45
-12
176
47
126
2
26
-200
227
184
186
-3
-46
-32
-18
113
-153
0
-133
-56
-18
0
0
-147
273
-104
-67
-142
196
240
-57
-86
-5
-210
-182
-36
97
0
0
0
-104
37
65
0
-112
0
120
0
267
63
55
166
-176
98
190
0
288
-93
0
-48
-135
151
-58
-99
162
2
198
28
-319
-21
66
-148
8
85
0
-28
319
-126
-37
245
99
33
-144
-19

-41
0
0
0
-41
96
1
0
0
-18
0
0
47
-10
0
0
0
0
0
0

0
0
0
0
0
-27
0
0
0
0
0
0
60
-54
-7
-53
-120
94
-7
-4
-84
-10
0
0
-53
57
-154
0
-15
-12
12
94
-68
84
-7
99
0
-59
-20
-54
-82
-15
0
0
0
80
-118
0
96
0
-9
11
65
126
0
295
22
91
-188
15
0
0
0
2
70
139
-27
-41
0
134
0
18
56
-27
-240
3
-19
-9
-105
-262
27
-66
0
0
24
89
89
-3
-72
-218
123
-27
0
-153
7
-229
-198
-44
-154
0
-12
-64
18
-233
-345
-43
-172
24
-244
-134
-459
18
-45
-164
-131
-167
60
81
-61
-102
-65
-63
-99
0
123
-47
0
52
-35
96
38
-12
-327
143
-253
-16
97
-280
-52
0
0
35
0
-54
0
-135
163
-62
-123
130
175
-167
-88
-123
-83
0
205
0
-4

0
0
-62
0
0
0
0
0
-62
0
-62
0
0
72
0
54
-99
-62
96
0
-16
0
-51
0
0
-24
0
-37
72
52
0
72
-34
-61
96
265
18
5
-40
0
-250
87
-46
-159
0
28
72
28
-72
-18
103
-88
12
-72
87
38
8
46
155
45
52
-37
240
-2
-74
-39
0
-181
1
56
143
18
247
-30
12
-11
-40
263
125
-46
-78
-34
0
0
77
80
-353
-105
-66
-48
-68
-68
49
0
-23
-6
168
22
202
-153
-54
-119
-52
83
8
86
-47
-149
-189
268
0
-57
93
6
35
43
0
393
-31
90
83
-185
196
-59
8
-127
0
15
-92
-52
-280
-108
-400
-297
-23
235
-36
47
-169
112
-2
-5
-4
57
169
95
169
57
13
-239
-22
-1
-50
84
0
-158
122
-30
22
110
300
-20
-190
60
221
-94
0
100
32
0
347
193
8
-135
75
-21
408
154
117
-38
-112
-88
-11
308
345
-45
46
-191
-271
1
0
37
-282
86
107
122
98
172
45
-15
-51
132
-114
19
-147
94
72
-161
155
94
26
-120
102
-39
-104
-171
-44
5
14
0
74
-47
-385
-29
-136
180
0
-395
-249
-105
27
0
15
429
-141
455
0
462
-71
297
-479
98

0
0
-49
0
0
47
0
0
0
0
0
0
14
0
52
-49
-35
0
0
81
102
37
0
117
0
1
0
0
0
-22
15
-24
6
0
-63
-14
0
84
93
149
-19
8
394
152
0
19
99
-50
0
28
179
77
-17
42
-61
0
226
180
100
0
168
10
109
-61
-24
-92
-87
-50
-82
105
-71
-56
-81
-166
-71
94
83
-32
41
-53
231
107
-24
-77
0
-373
-110
5
203
85
0
-113
23
24
-31
-42
-137
-289
68
-25
-277
-393
130
155
-400
-110
-116
-149
122
98
-333
129
-137
-77
73
0
0
-136
-136
-324
-98
60
-267
-258
78
90
-397
-26
-122
-25
-24
65
111
91
143
-147
-160
2
-235
-69
-801
-395
45
-312
31
59
111
-138
-625
-531
-562
-339
37
363
29
-266
77
-675
-20
-142
-635
27
-38
62
94
106
164
-170
-71
-114
-361
-463
-138
-21
-74
-52
-202
77
-173
31
169
0
118
40
86
0
-95
134
184
132
192
-244
-240
-223
-371
-62
-63
-554
-33
10
25
245
-57
124
46
-67
-5
-49
-52
-3
100
106
-148
-42
-273
55
-191
-25
-10
-57
413
0
34
73
177
356
-92
394
-76
133
-290

0
0
0
97
71
97
97
-49
0
0
-26
0
0
0
-124
-49
42
-26
86
0
79
120
0
34
274
0
0
97
85
58
0
-246
0
-87
-46
1
97
-94
112
-66
144
4
-26
0
140
108
61
9
65
0
178
87
7
198
101
63
0
-211
58
0
-47
103
-28
0
59
3
17
248
-96
-100
69
0
-48
71
-48
-108
-67
-91
0
-28
40
-303
198
39
0
77
-50
-70
-55
-86
-117
262
0
195
-292
-198
499
-121
-127
-61
0
-122
-124
192
76
60
-42
334
77

0
0
0
0
50
0
0
0
0
0
0
0
-49
0
26
0
-191
0
-142
-32
61
67
6
-72
-154
-38
-293
-144
-78
18
-56
65
0
52
0
7
0
-34
0
0
-45
-159
0
-90
46
-103
0
-194
168
-110
0
0
-60
-33
90
-125
-81
-345
0
46
0
-162
0
-15
-180
-139
-159
0
0
-688
-17
-229
-84
-515
-157
-426
-283
-253
0
-280
0
0
-169
-94
12
-403
83
-693
-67
-146
-271
-193
-39
109
-45
-55
40
-46
-238
20
117
-357
-114
-265
34
-203
-247
-32
-83
-263
-127
-124
-30

0
-54
0
0
0
39
-93
0
-53
-110
0
39
0
-226
28
-160
0
-140
-93
-80
-35
100
70
0
-248
-93
-44
63
68
0
-95
-9
0
-118
-134
0
-94
39
76
-226
-171
0
68
-169
47
154
102
-54
52
-25
184
86
-30
25
0
0
-65
87
158
0
-546
-15
-12
-255
0
19
75
-118
-255
-71
-264
83
-92
-50
-170
0
-506
-93
-29
-56
-179
-232
-187
-264
149
37
-67
-87
0
-375
-7
-402
-325
38
-320
0
-240
-466
-782
-132
-292
-336
-276
-609
-91
-252
0
-444
-58
0
-386
-424
0
0
22
80
39
-191
-36
-79
-105
25
-352
59
-609
-161
63
-722
-65
41
-299
-475
-124
-66
-320
-198
-103
-284
19
128
-708
-109
-796
608
-568
-56
-591
24
-359
113
-177
-216
26
266
-618
5

0
0
0
0
0
0
0
0
0
0
-78
0
0
7
58
68
103
-78
0
81
139
0
93
7
0
81
165
7
11
-101
44
109
34
29
228
111
-2
41
37
151
-56
0
52
27
0
206
95
25
-11
29
32
466
128
0
64
-44
-158
-317
-64
-80
0
63
-56
0
162
-49
-51
-50
-29
154
0
23
58
86
-43
85
-47
-62
46
250
72
49
325
-52
127
-113
105
-191
-110
-18
0
-194
-168
40
299
-71
-103
-345
148
110
-77
93
315
0
-100
-59
0
-114
-226
0
143
185
34
-80
-94
25
0
96
188
77
138
-69
0
-60
-100
87
-189
-37
282
295

0
0
0
0
0
0
19
19
-47
0
0
0
21
19
21
49
82
0
0
91
-88
-23
63
0
0
68
19
47
0
82
0
200
91
0
44
0
0
352
-56
0
63
52
-86
-35

0
0
0
0
0
-20
30
0
-9
38
0
-52
30
-9
0
-77
125
0
0
-78
-77
0
-72
-97
-1
-90
-268
-198
34
-263
-90
-58
26
-292
-57
-202
13
0
-41
-78
-41
-71
0
0
-16
89
0
105
0
22
-258
-90
-33
68
-78
0
48
-320
-25
-252
-421
-371
-146
-283
59
44
0
-95
-67
-192
-110
-47
-65
-52
42
-1
-126
-137
23
-130
-43
-90
-93
23
43
256
37
0
24
-300
-251
-139
-59
-224
-73
-405
-392
-373
0

0
0
-132
0
-114
0
-83
-18
-31
0
0
24
24
-16
4
17
0
0
19
57
-56
-52
126
0
60
0
56
44
-30
0
-109
-58
58
19
-144
-50
18
2
-471
-19
0
91
-227
6
-467
0
0
-112
10
-379
-35
-43
-417
-39
0
20
0
-47
-33
-246
-77
0
9
58
-83
-82
46
64
-338
-33
0
-7
360
53
-158
-177
-346
26
93
-23
159
-47
-101
288
-80
259
33
74
-29
463
0
59
-296
-278
-30
160
-289
55
-144
301
286
33
65
39
35
-422
0
202
28
-309
0
-78
-73
-211
-145
-22
0
179
-150
330
-190
199
175
112
-304
-129
-190
61
60
244
31
-19
257
-202
-76
18
102
-313
136
-96
230
11
68
0
0
0
116
86
51
-466
111
-129
88
54
-92
285
-245
-410
0
39
58
-39
133
-8
-673
-635
188
523
144
209
158
159
14
-78
148
24
80
-357
-23
-135
467
118
46
11

0
0
-46
0
0
-20
0
-20
0
0
-66
5
0
-148
-46
0
0
0
0
0
0
0
-4
-20
21
-152
-125
-182
-216
0
-124
-124
-400
-58
0
0
-132
-21
0
-243
0
-110
-185
-104
0
0
0
-45
32
-80
0
75
0
-268
-5
-54
133
-38
-46
-49
25
-66
-503
72
-20
-197
-177
-126
-114
-265
-73
44
76
-130
-154
-697
-634
-114
190
0
-65
-144
56
-404
-393
-71
-266
-70
57
77
-16
-24
0
-346
11
-455
49
0
0
-170
-10
-86
41
88
-306
233
-57
53
-13
-22
-226
-13
96
50
-111
16
-210
-123
66
189
-419
-69
-32
269
-19
-501
0
0
-77
-204
0
124
-121
196
109
-169
-122
84
71
10
83
413
37
-4
250
-191
-62
-28
-70
78
224
-124
0
74
0
-186
0
-2
-27
-611
-458
343
-156
-48
0
92
-175
92
59
499
0
-28
186
0
-420
2
0
14
-48
444
-73
-249
127
-33
-189
134
35
-121
50
-49
0
61
-63
-32
102
57
111
-46

0
0
0
0
0
23
-49
0
0
44
72
44
-150
0
0
0
0
-76
44
-78
71
65
98
-150
-23
171
-10
-80
122
-134
-156
62
0
103
203
-94
0
44
83
0
0
49
20
41
-35
-27
-29
-78
0
-54
33
0
63
49
76
-74
-98
116
0
0
375
-98
190
276
-90
25

0
0
0
-3
0
-96
0
0
-145
63
-80
0
-112
-79
63
-72
94
69
26
0
0
0
-79
-35
90
-40
-67
0
-82
-17
31
0
0
94
-10
-72
101
0
15
-27
-31
152
0
-15
-45
-128
40
0
125
-79
-50
-7
106
0
-248
0
199
57
0
256
0
-38

0
0
0
0
0
-22
132
20
167
0
69
0
0
0
131
0
0
0
0
0
42
0
0
-97
-88
-75
-13
-68
27
0
41

0
0
60
0
-4
0
-46
-15
0
0
0
0
103
60
119
0
0
169
0
463
0
7
0
3
0
-9
251
-15
20
-157
0
6
49
0
0
0
0
53
0
0
15
117
-287
13
698
316
93
73
184
260
436
-88
0
159
-66
-93
139
-1
-160
-52
0
225
0
99
252
0
-9
450
575
0
-151
88
-244
-88
107
0
21
-60
192
367
-62
198
-60
0
55
40
251
-34
52
-65
372
721
-102
54
0
4
113
-19
15
-112
0
114
115
-38
-290
81
-390
-52
177
-98
-39
476
-82
137
580
21
103
-94
147
0
6
47
76
0
23
27
10
-32
42
-33
169
149
1
181
-205
-77
30
266
227
-115
252
92
114
55
-134
-175
0
66
-219
-51
-381
217
52
112
324
186
123
390
83
-15
64
-59
384
225
-176

0
0
0
0
33
126
40
0
0
83
116
0
14
-69
33
-5
40
285
0
-90
-180
-179
-152
223
0
36
0
-79
122
-221
-69
0
0
-75
0
40
0
0
-48
0
-31
-199
-147
-543
0
-368
119
-29
-86
-74
-198
-40
300
-90
-264
-46
-79
-24
-169
6
0
-46
-63
22
-55
-202
-43
-197
-64
-397
-24
185
-127
-159
27
29
-157
-22
-280
65
-674
-102
-392
4
-545
-303
-134
-260
-750
-102
-188
-89
64
0
-17
-86
-465
0
111
-236
-148
63
-472
85
-399
-1425
-293
-29
-665
-205
-113
-172
95
-514
-16
-484
154
-396
-625
-30
-55
-3
-54
36
-208
105
0
-292
-50
-68
-904
-197
-162
-346
-147
82
-149
-201
87
-62
-82
38
-319
-125
11
-113
165
11
-149
75
-286
-37
128
0
0
-22
-92
-326
-625
-249
-61

0
0
0
0
0
-51
0
0
-15
111
12
-75
130
0
0
-29
132
80
72
33
0
164
-49
-15
0
105
83
253
199
32
-9
0
0
-90
-67
71
-80
46
-37
33
165
0
-51
0
36
124
-15
68
272
138
-34
144
89
402
-59
197
0
0
117
0
59
-62
187
288
45
118
305
-72
-55
-219
89
16
-92
60
332
-45
-21
-84
43
-45
0
0
547
296
157
41
54
-83
-18
-160
0
49
208
-100
0
-148
-146
33
223
211
0
189
-2
-8
50
67
-144
258
0
-17
-428
-109
4
-117
-137
0
176
-46
-330
0
16

0
0
0
0
0
-139
-52
0
0
0
0
141
0
53
0
-189
-193
0
-206
0
0
-172
-143
-44
0
-185
0
-98
-114
-61
-51
13
0
0
53
-23
-59
-106
-182
-55
-37
0
-221
0
-113
-518
-38
33

0
0
0
-9
-57
-9
-9
-9
0
-6
-31
0
-13
0
0
-21
-129
-88
0
70
-18
-57
-127
0
51
0
100
0
0
-3
-177
82
-150
0
-122
35
64
0
-70
59
139
-13
136
94
54
99
-62
-31
66
-123
218
-53
10
-20
-181
70
140
164
133
44
0
134
-256
-31
161
59
156
73
0
-16
-89
153
-213
49
0
116
120
0
-165
155
-298
-43
67
12
144
0
48
-67
212
135
0
0
-137
-50
-32
378
89
-2
-184
13
-9
-57
56
256
-473
46
-112
154
116
0
-13
-54
1
205
0
159
-288
-169
-125
116
213
-244
36
32
230
-159
-53
184

0
0
2
0
104
-88
0
101
0
101
0
-13
0
0
0
-42
0
0
59
6
-98
-3
0
-90
0
157
48
107
0
0
97
-88
0
151
41
174
0
109
-36
138
143
0
-5
-21
-41
153
140
170
144
0
0
0
0
92
477
116
331
0
55
147
0
-187
-51
48
332
454
-274
-53
230
-40
-313
117
-99
286
412
-165
60
5
37
5
0
0
37
101
51
409
0
0
-106
-35
188
0
229
-16
60
368
91
407
694
-33
-112
51
506
64
26
334
133
35
-301
3
100
326
52
0
-33
0
-129
47
-8
247
-105
-113
-71
87
51
-45
135
-113
-230
-13
0
-53
184
378
-9
257
0
-45
-85
53
269
186
0
55
-148
-21
104
0
64
23
12
0
184
-26
-31
-38
117
54
-136
-31
-85
140
-4
202
42
46
-9
388
396
-23
50
0
0
0
384
-29
54
-175
3
413
649
127
197
368
335
31
319
-192
-14
454
44
19
702
-77
94
-72
-106
252
104
-109
127
871
340
178
0
-104
165
120
63
329
56
22
-9
0
515
-55
975
-119
157
495
1294
307
633
130
762
39
737
-40
988
977
0

0
0
0
0
86
-51
106
-96
203
0
0
0
0
-51
-37
63
44
0
88
37
135
175
179
68
23
1
196
-97
-86
0
-96
-105
53
1
-56
-39
0
0
-97
-7
85
39
-45
67
0
33
0
0
0
0
127
-61
-228
14
85
-105
53
-252
115
118
95
-239
0
0
-87
29
85
18
12
-160
16
-92
102
30
0
192
6
-85
-85
73
155
32
19
-107
18
-47
0
-122
-84
0
15
3
80
-55
-62
-63
-88
260
277
8
223
-73
83
37
51
-173
-68
24
-53
0
-112
-12
-22
-49
47
-521
161
-69
0
1
-5
-485
82
-113
103
0
0
-1051
57
-912
-96
-84
-272
-288
0
-363
-532
-63
-102
-271
33
-2
121
-549
-272
-236
-530
39
-147
-239
-235
-262
96
375
-197
-163
113
84
-227
-54
176
-186
-449
-80
-135
-289
5
-547
109
51
-175
-315
68
62
-68
-69
-29
122
9
-232
5
-323
-206
-530
-97
310

0
0
0
0
64
0
0
0
0
0
0
-150
-80
0
73
0
-18
-47
10
-110
99
0
45
-63
40
0
8
0
-175
0
90
45
132
45
-48
0
0
26
0
0
0
-80
0
75
135
0
75
0
-4
-109
-94
0
178
-133
45
0
0
237
0
26
522
61
-8
133
9
-143
-291
115
429
0
0
62
560
0
64
0
20
-8
-25
-15
45
385
-36
-26
38
454
357
-93
80
62
245
-102
312
171
386
-53
317
-36
130
197
384
80
417
248
488
78
0
931
-37
-104
43
-130
0
293
6
166
18
-33
-75
0
62
-88
49
28
194
18
64
3
0
149
-53
-55
254
195
0
-40
40
314
20
-33
395
231
271
-320
438
-33
-64
-306
-30
-157
-2
29
204
22
107
-73
-31
182
-119
-63
-57
26
-82
105
0
138
-24
0
79
-106
-20
-38
0
139
-63
132
-21
0
322
-1
32
353
-73
-10
180
563
7
33
140
-47
58
36
109
277
-113
52
106
32
-189
0
-50
2
13
-156
46
101
-178
14
551
-85
213
-201
-100
-62
-147
-65
-356
143
-175
465
-18
164
40
129
-42
0
-5
0
348
-183
-5
209
0
109
362
9
-53
504
177
-250
-206
-136
0
-290

0
0
0
0
0
-42
-101
93
-4
0
0
0
30
0
12
0
-42
0
0
0
0
148
0
38
0
57
304
0
-42
88
60
0
0
371
54
0
130
286
47
-264
285
32
-110
103
0
82
0
-20
-252
270
14
-50
-193
88
-39
-147
-53
-117
-59
83
58
43
157
0
223
441
332
5
2
299
49
45
242
293
14
-1
0
0
20
7
92
-12
-111
167
-173
635
-40
49
28
103

0
0
0
0
0
0
0
0
0
95
0
-73
3
44
39
-104
92
0
-2
163
82
44
87
8
34
52
109
25
44
116
177
160
69
61
381
106
92
-129
0
0
64
16
186
-94
44
0
70
22
0
234
0
190
137
-93
18
93
52
0
-116
149
-42
0
0
82
0
-75
0
97
-49
111
82
27
18
-133
0
0
0
15
60
321
-49
109
188
-81
37
-177
242
319
112
-17
-101
-259
132
17
0
122
188
-91
-93
22
-57
249
15
2
-177
-222
-111
66
4
0
223
-31
-77
27
135
91
13
96
284
-127
39
-59
99
-16
123
-218
-445
-71
52
75
93
13
-235
24
0
-104
0
35
0
74
-44
-128
-165
183
0
15
-94
-276

0
0
0
49
42
-51
0
0
-10
-61
-231
0
-93
0
-10
-241
0
0
39
256
122
-10
278
-68
302
-180
-304
-120
54
-314
-265
-146
0
0
35
-138
0
-114
-5
108
-262
99
-60
0
100
-305
0
-115
0
70
0
0
0
147
1
-277
133
125
200
0
232
-7
-376
-175
145
-466
-67
72
0
-23
0
-200
0
-17
-229
-166
-87
-133
155
-19
-224
76
-11
-7
-78
-154
87
-17
-61
83
-195
-22
-297
-382
85
-745
-577
-104
30
-604
40
-272
70
63
87
-300
92
-29
0
179
-186
0
-104
-403
-54
-49
-128
145
64
-156
162
-30
-305
-679
-138
71
0
56
-294
34
53
-70
-152
-314
133
-243
-272
212
36
167
-171
53
-260
-11
-63
-512
-109
-214
0
-277
68
367
281
108
-95
-93
0
0
0
-164
222
-1
-112
-18
-1015
-1304
32
-88
-121
424
92
-826
-297
34
-121
-149
-139
161
72
-35
-98
-7
107
-1370

0
96
-5
24
0
163
-20
0
0
99
99
-79
-45
82
0
0
-128
0
-35
-422
-64
-462
-19
0
0
0
0
43
-11
0
0
-50
4
2
0
-27
0
-83
0
-94
-183
0
-279
44
29
-190
-27
97
-134
-103
-567

0
0
0
9
37
0
57
0
0
0
-48
53
0
121
0
73
186
-119
-3
-174
0
-86
-18
-10
-311
8
121
-289
0
0
-222
-435
0
0
153
-117
-125
0
-431
60
-89
-283
-12
-15
-179
-595
66
0
73
-417
-414
-37
-25
-186
-91
-70
-79
-108
-351
-106
-848
-410
-276
0
-244
5
-214
-145
0
-422
-172
5
-20
-37
-335
-249
0
-60
121
-82
36
-575
0
-142
39
0
-101
-87
-415
-178
-222
-269
-66
92
-553
3
85
-228
42
-309
-45
32
-66
64
0
-39
-71
223
-348
53
-155
-383
76
-38
174
36
-23

0
89
0
0
0
0
0
75
0
0
0
0
89
0
0
0
49
0
0
0
77
-51
89
0
0
154
107
0
0
0
95
0
0
0
0
0
95
-38
0
227
0
-42
104
0
342
0
0
-75
191
-125
22
71
-4
259
-98
27
171
93
69
0
0
498
77
191
101
191
-181
329
-190
-67
30
95
30
102
425
0
0
0
2
285
-78
309
-118
0
-137
77
204
310
134
90
-59
0
148
49
384
190
104
-65
-282
85
-42
351
35
0
24
-152
-22
-144
-171
82
232
0
205
-32
-70
85
30
224
209
-69
0
-14
-196
-7
0
-22
-249
0
198
-284
-179
220
-48
-66
77
-75
-80
-133
-5
0
157
0
-177
-210
38
77
0
0
-596
248
51
208
-392
79
40
32
-337
-86
-236
-422

0
0
0
0
0
0
-33
0
36
86
0
-41
-54
0
32
0
-26
0
86
79
-59
86
0
42
0
-77
75
12
-63
0
109
-52
118
0
13
-60
-19
0
0
-76
33
-77
10
0
13
260
-295
-77
-111
0
-112

0
0
0
0
2
0
0
0
0
0
25
138
91
103
25
0
25
107
0
0
0
91
0
91
27
0
0
0
0
90
87
0
56
-27
0
65
0
0
57
0
-31
89
67
0
0
0
50
85
78
0
-21
69
237
73
0
0
-50
-41
221
0
-209
11
0
0
483
140
22
26
0
0
-71
289
-94
-23
53
0
167
94
-211
127
216
-12
-202
-345
-98
-12
-86
-254
-82
83
65
4
126
0
-128
127
197
0
-112
16
-13
-184
-178
178
85
71
0
0
0
-347
0
-166
96
89
221
-87
56
-49
-43
-167
-9
10
86
-228
0
56
257
30
-306
-383
-59
123
16
-153
-120
44
-532
-23
-72
98
59
-33
-238

0
14
0
21
0
7
-2
51
0
51
0
21
83
-17
-84
0
90
-5
148
55
0
128
0
170
108
76
-19
74
29
-133
76
57
0
-26
0
363
46
55
42
0
180
0
0
-12
54
150
152
27
-93
156
52
0
100
153
76
51
68
0
0
0
159
-8
40
137
0
28
204
51
696
43
207
715
471
149
-67
205
0
562
508
46
-55
92
0
76
23
151
0
426
-47
0
-59
-10
377
0
469
147
7
416
0
184
31
0
57
0
220
0
72
299
0
-2
-22
41
15
-91
168
-53
57
-18
68
141
676
0
206
-17
-171
658
59
-149
36
131
-56
-30
-41
-10
136
198
261
255
378
-98
0
287
292
735
68
59
-118
105
-132
225
-89
40
0
-116
67
644
413
-2
0
0
-84
-79
116
-149
233
33
102
93
0
-87
0
-4
13

0
0
69
0
0
86
56
-26
0
46
0
-34
44
149
0
-25
33
127
0
0
0
0
-25
-31
0
-25
-95
0
0
-128
-25
0
-160
0
-93
-78
51
-56
30
0
81
0
30
36
81
0
-87
31
59
131
0
-272
-82
-95
-92
23
-38
-99
-16
-326
-80
-49
12
112
-192
-100
-316
104
0
0
-278
0
-232
-373
53
63
44
-53
61
0
16
0
-58
-111
-77
-437
-163
141
69
-86
171
-70
157
-221
0
-131
59
-27
34
-104
-273
18
-420
28
-45
102
-193
23
-158
-3
-93
-594
132

0
0
0
83
0
84
0
113
0
30
0
84
0
0
0
0
-13
24
-36
0
0
113
0
0
-52
0
0
123
36
179
0
0
0
0
-80
-88
0
95
74
160
135
297
43
181
0
144
93
-54
0
43
0
-36
167
-83
365
0
0
0
-75
0
85
57
0
0
-92
0
40
-39
227
0
-59
-83
-118
-106
97
173
74
19
-69
212
64
-27
0
385
169
-99
0
6
-28
-196
-66
-59
217
0

0
0
0
0
0
0
0
0
0
0
0
-80
-39
-39
53
0
0
0
24
-39
0
0
0
-87
-39
0
-15
0
-21
0
99
17
-6
145
-138
-11
102
104
35
0
-47
-15
-105
-4
0
0
9
55
-82

0
0
0
-34
0
0
90
0
0
0
37
0
0
122
-88
-88
0
0
0
0
3
-8
0
0
0
37
-33
-41
125
0
25
-14
-72
46
14
20
14
-501
8
9
143
-14
-9
-209
-176
-139
-212
14
-162
-148
-334
240
51
-52
-404
-154
-9
195
-93
11
-417

0
0
16
0
0
0
0
0
56
0
-1
-1
0
-55
341
-18
-87
266
-258
162

0
0
0
0
0
0
0
0
0
-54
0
-1
0
0
0
-89
-29
-1
0
0
0
-90
53
0
0
0
20
0
106
-62
-28
0
0
-33
-24
-54
-276
-25
-93
-94
-76
-64
-2
0
0
-141
8
0
-16
-121
164
-34
-28
206
0
0
66
-22
-56
124
228
-3
-25
140
0
76
324
-29
-204
34
275
92
96
0
0
-42
288
-101
-65
258
82
-26
-88
215
-185
113
-148
0
71
-66
268
-29
0
476
75
0
-12
-116
211
68
0
-8
-113
18
221
59
45
-113
-327
222
50
-144
4
348
575
-14
-30
161
0
-59
305
-62
-645
71
-106
-95
-324
472
27
-90
-192
-32
173
-40
49
120
134
-26
-75
271
72
152
64
-57
120
24
0
265
70
-28
-86
60
208
-27
75
684
316
122
8
191
-157
0
2
60
181
-179
152
140
0
245
-225
333
414
-26
205
127
234
193
-121
-338
108
111
55
102
-69
-427
-215
287
-225
-126
76
130
-165
-113
7
-155
-62
-106
-192
59

72
-8
80
0
-17
0
80
17
39
-16
0
-8
-11
1
0
114
-79
-120
0
-19
-18
77
0
0
97
-24
-10
0
-91
90

0
0
0
63
0
44
35
-3
0
0
0
0
0
0
46
46
0
-11
0
-394
0
0
-26
0
239
6
7
44
109
36
0
0
59
0
-300
106
0
453
238
46
0
0
0
0
43
0
-261
44
-237
-34
-23
0
24
0
-18
232
-437
-164
-301
0
-120
-81
-104
0
280
-105
0
-195
-256
-206
40
-279
-228
0
-141
-66
-163
-199
-111
0
-59
0
25
-97
-255
74
0
-14
0
244
-141
-154
6
66
0
-75
0
-52
-118
0
24
-194
-74
0
-480
79
-217
-157
154
432
54
-381
165
-204
-146
-351
74
-73
395
29
-58
-306
74
-88
36
184
382
119
-120
63
79
22
-148
4
-276
-193
-203
0
225
-108
-90
363
0
109
0
0
0
-163
140
35
40
24
-94
-103
44
-44
-2
-40
-97
-263
1
-596
-375
-63
-304
-2
103
-215
-173
0
49
-2
-499
79
-32
57
27
-92
-93
-328
-138
0
-29
-283
-51
-369
5

