100
4 00501
6 2011221
6 1580073
0 2
6 2102101
0 1
6 9451569
6 8000001
6 0000001
6 0000001
6 0000004
1 89
6 5010041
6 0000001
6 0090002
6 0212202
6 9000001
6 1112121
6 0000001
1 61
6 2050096
0 1
4 60101
6 0040701
0 2
2 978
6 2120112
3 2021
6 8784518
2 001
2 001
6 3005001
6 0504701
6 3040041
6 4469393
0 1
6 0001001
6 3002021
4 11111
2 001
0 1
4 00001
4 64684
6 0211202
2 551
2 099
6 1000091
6 0000441
4 20201
6 9999999
0 1
1 09
5 925866
6 0000001
6 2078021
6 0900001
2 001
5 007501
6 4904316
2 201
6 6051005
5 101211
6 2200111
5 000091
6 9036001
3 2952
6 0030006
6 1111111
0 5
4 30071
6 2060002
2 211
6 1400091
0 1
6 0110101
6 0000001
2 508
2 901
6 1111121
6 0000092
4 11222
6 2482805
6 1212211
6 0090101
3 0001
3 0001
6 0300001
6 0737586
5 110011
6 8000001
6 4000001
4 20702
6 7958107
6 1968634
6 1002101
6 0000001
3 0001
0 2
6 1159001
6 1111111
